0,387
0,386
0,385
38,4
38,3
38,2
38,1
38,0
37,55
37,54
37,53
37,52
37,51
37,50
37,49
37,48
37,47
37,46
37,45
37,44
37,43
37,42
37,41
37,40
37,39
0,273
0,270
37,38
37,37
37,36
37,35
3,2
3,1
3,3
10,116
10,76
10,208
10,86
10,130
10,2
10,3
11,8
11,18
11,20
11,14
11,2
11,3
9,4
9,6
9,2
9,3
8,12
8,9
8,15
8,6
8,2
8,3
12,2
12,1
12,3
36,4
36,3
36,2
36,1
36,0
35,5
35,4
35,3
35,2
35,1
35,0
34,5
34,4
34,3
34,2
34,1
34,0
33,5
33,4
33,3
33,2
33,1
20,2
33,0
32,4
32,3
20,1
32,2
32,1
20,3
32,0
31,3
31,2
31,1
31,0
30,5
30,4
30,3
30,2
30,1
30,0
29,4
29,3
29,2
29,1
29,0
28,5
28,4
28,3
28,2
